student@ubuntu:~/catkin_ws$ rosrun drone_application  talker.py
[INFO] [1594067267.325969, 0.000000]: linear: 
  x: 1
  y: 1
  z: 2
angular: 
  x: 0.0
  y: 0.0
  z: 0.0
[INFO] [1594067267.329391, 0.000000]: <rospy.topics.Publisher object at 0x7fcc287fbb90>